Exemplo 1
		x: [0.32000   0.68000]
		y: [0.75000   0.98000]
	Exemplo 2
		x: [0.83000   0.02000]
		y: [0.75000   0.28000]
